Sequence Alignment Substitution Matrices for Proteins

[Identity]
10
 0,  0
 0,  0, 10
 0,  0,  0,  0
 0,  0,  0,  0, 10
 0,  0,  0,  0,  0,  0
 0,  0,  0,  0,  0,  0,  0
 0,  0,  0,  0,  0,  0,  0,  0
 0,  0,  0,  0,  0,  0,  0,  0,  0
 0,  0,  0,  0,  0,  0,  0,  0,  0,  0
 0,  0,  0,  0,  0,  0,  0,  0,  0,  0,  0
 0,  0,  0,  0,  0,  0,  0,  0,  0,  0,  0, 10
 0,  0,  0,  0,  0,  0,  0,  0,  0,  0,  0,  0, 10
 0,  0,  0,  0,  0,  0,  0,  0,  0,  0,  0,  0,  0,  0
 0,  0,  0,  0,  0,  0,  0,  0,  0,  0,  0,  0,  0,  0,  0
 0,  0,  0,  0,  0,  0,  0,  0,  0,  0,  0,  0,  0,  0,  0,  0
 0,  0,  0,  0,  0,  0,  0,  0,  0,  0,  0,  0,  0,  0,  0,  0,  0

[SW_GAP]
 10
-9, 10
-9, 10, 10
10, 10, -9, 10
-9, 10, -9, 10, 10
10, 10, 10, 10, -9, 10
-9, 10, -9, 10, 10, 10, 10
10, 10, 10, 10, -9, 10, -9, 10
10, 10, 10, 10, 10, 10, 10, 10, 10
10, 10, -9, 10, 10, 10, 10, 10, 10, 10
-9, 10, 10, 10, 10, 10, 10, 10, 10, 10, 10
-9, 10, -9, 10, -9, 10, 10, -9, 10, -9, -9, 10
-9, 10, -9, 10, -9, 10, 10, -9, 10, -9, -9, 10, 10
10, 10, 10, 10, 10, 10, 10, 10, 10, 10, 10, -9, -9, 10
10, 10, -9, 10, -9, 10, 10, 10, 10, 10, -9, 10, 10, 10, 10
10, 10, 10, 10, 10, 10, 10, 10, 10, 10, 10, 10, 10, 10, 10, 10
-9, 10, 10, 10, -9, 10, 10, 10, 10, -9, 10, 10, 10, 10, 10, 10, 10